35
20
m 0 19
0 34 0
1 34 0
2 34 0
w 0 0
w 0 1
w 0 2
w 0 3
w 0 4
w 0 5
w 0 6
w 0 7
w 1 0
w 1 1
w 1 2
w 1 3
w 1 4
w 1 5
w 1 6
w 1 9
w 1 13
w 1 15
w 1 16
w 1 18
w 2 0
w 2 1
w 2 2
w 2 3
w 2 4
w 2 7
w 2 10
w 2 11
w 2 12
w 2 13
w 2 14
w 2 15
w 2 16
w 2 17
w 2 18
w 3 0
w 3 1
w 3 2
w 3 3
w 3 4
w 3 5
w 3 7
w 3 11
w 3 12
w 3 13
w 3 14
w 3 15
w 3 16
w 3 17
w 3 18
w 4 0
w 4 1
w 4 2
w 4 3
w 4 4
w 4 13
w 4 14
w 4 15
w 4 16
w 4 17
w 5 0
w 5 1
w 5 2
w 5 3
w 5 4
w 5 5
w 5 7
w 5 9
w 5 11
w 5 12
w 5 16
w 5 17
w 5 18
w 6 0
w 6 1
w 6 2
w 6 3
w 6 4
w 6 7
w 6 10
w 6 11
w 6 13
w 6 15
w 7 0
w 7 1
w 7 2
w 7 3
w 7 4
w 7 5
w 7 6
w 7 7
w 7 10
w 7 11
w 7 13
w 8 0
w 8 1
w 8 2
w 8 3
w 8 4
w 8 16
w 8 18
w 9 0
w 9 1
w 9 2
w 9 3
w 9 4
w 9 6
w 9 7
w 9 10
w 9 11
w 9 12
w 9 15
w 9 16
w 9 17
w 10 0
w 10 1
w 10 2
w 10 3
w 10 4
w 10 5
w 10 10
w 10 11
w 10 12
w 10 13
w 10 15
w 10 16
w 10 17
w 10 18
w 11 0
w 11 1
w 11 2
w 11 3
w 11 4
w 11 5
w 11 6
w 11 11
w 11 12
w 11 13
w 11 14
w 11 15
w 11 16
w 11 17
w 12 0
w 12 1
w 12 2
w 12 3
w 12 4
w 12 5
w 12 6
w 12 9
w 12 10
w 12 11
w 12 12
w 12 13
w 12 14
w 12 15
w 12 16
w 12 17
w 12 18
w 13 0
w 13 1
w 13 2
w 13 3
w 13 4
w 13 5
w 13 6
w 13 7
w 13 10
w 13 11
w 13 12
w 13 13
w 13 14
w 13 15
w 13 16
w 13 17
w 14 0
w 14 1
w 14 2
w 14 3
w 14 4
w 14 5
w 14 6
w 14 7
w 14 9
w 14 10
w 14 11
w 14 12
w 14 13
w 14 14
w 14 15
w 14 16
w 14 17
w 14 18
w 15 0
w 15 1
w 15 2
w 15 3
w 15 4
w 15 5
w 15 6
w 15 7
w 15 9
w 15 10
w 15 11
w 15 12
w 15 13
w 15 14
w 15 15
w 15 16
w 15 17
w 16 0
w 16 1
w 16 2
w 16 3
w 16 4
w 16 5
w 16 6
w 16 10
w 16 11
w 16 12
w 16 13
w 16 14
w 16 15
w 16 16
w 16 18
w 17 0
w 17 1
w 17 2
w 17 3
w 17 4
w 17 5
w 17 6
w 17 7
w 17 11
w 17 12
w 17 13
w 17 15
w 18 0
w 18 1
w 18 2
w 18 3
w 18 4
w 18 5
w 18 6
w 19 0
w 19 1
w 19 2
w 19 3
w 19 4
w 19 7
w 19 9
w 19 15
w 19 17
w 19 18
w 19 19
w 20 0
w 20 1
w 20 2
w 20 3
w 20 4
w 20 14
w 20 15
w 20 17
w 20 18
w 20 19
w 21 0
w 21 1
w 21 2
w 21 3
w 21 5
w 21 7
w 21 8
w 21 10
w 21 11
w 21 12
w 21 13
w 21 14
w 21 15
w 21 16
w 21 17
w 21 18
w 21 19
w 22 0
w 22 1
w 22 2
w 22 6
w 22 7
w 22 8
w 22 13
w 22 14
w 22 17
w 22 18
w 22 19
w 23 0
w 23 1
w 23 6
w 23 7
w 23 8
w 23 15
w 23 19
w 24 0
w 24 4
w 24 6
w 24 7
w 24 8
w 24 9
w 24 13
w 25 1
w 25 3
w 25 7
w 25 8
w 25 9
w 25 11
w 25 17
w 26 5
w 26 10
w 26 11
w 26 19
w 27 0
w 27 1
w 27 2
w 27 3
w 27 6
w 27 7
w 27 14
w 28 0
w 28 1
w 28 2
w 28 9
w 28 12
w 28 13
w 28 16
w 28 19
w 29 0
w 29 1
w 29 2
w 29 3
w 29 5
w 29 8
w 29 9
w 29 11
w 29 12
w 29 13
w 29 15
w 29 16
w 29 18
w 29 19
w 30 0
w 30 3
w 30 5
w 30 6
w 30 8
w 30 11
w 30 12
w 30 15
w 30 16
w 30 17
w 30 18
w 30 19
w 31 0
w 31 1
w 31 4
w 31 6
w 31 8
w 31 9
w 31 10
w 31 11
w 31 12
w 31 13
w 31 14
w 31 15
w 31 16
w 31 17
w 31 18
w 31 19
w 32 0
w 32 1
w 32 2
w 32 9
w 32 10
w 32 11
w 32 12
w 32 13
w 32 14
w 32 15
w 32 16
w 32 17
w 32 18
w 32 19
w 33 0
w 33 1
w 33 4
w 33 5
w 33 6
w 33 7
w 33 8
w 33 9
w 33 10
w 33 11
w 33 12
w 33 13
w 33 14
w 33 15
w 33 16
w 33 17
w 33 18
w 33 19
w 34 3
w 34 4
w 34 5
w 34 6
w 34 7
w 34 8
w 34 9
w 34 10
w 34 11
w 34 12
w 34 13
w 34 14
w 34 15
w 34 16
w 34 17
w 34 18
w 34 19
p 13 8
p 9 9
p 5 8
p 28 10
p 31 2
p 17 18
p 24 2
p 2 6
p 25 14
p 19 12
p 7 15
p 0 8
p 22 9
p 26 18
t 1400 0
m 0 19
0 34 1
1 34 1
2 34 1
t 1399 0
m 0 18
0 34 2
1 34 2
2 34 2
t 1398 0
m 0 19
0 33 2
1 33 2
2 33 2
t 1397 0
m 1 19
0 33 3
1 33 3
2 33 3
t 1396 0
m 2 19
0 32 3
1 32 3
2 32 3
t 1395 0
m 1 19
0 32 4
1 32 4
2 32 4
f 30 7
t 1394 0
m 2 19
0 32 5
1 32 5
2 32 5
t 1393 0
m 3 19
0 32 6
1 32 6
2 32 6
t 1392 0
m 4 19
0 32 7
1 32 7
2 32 7
t 1391 0
m 5 19
0 31 7
1 31 7
2 31 7
t 1390 0
m 6 19
0 30 7
1 30 7
2 30 7
t 1389 0
m 7 19
0 29 7
1 29 7
2 29 7
t 1388 0
m 7 18
0 28 7
1 28 7
2 28 7
t 1387 0
m 7 17
0 28 8
1 28 8
2 28 8
t 1386 0
m 7 16
0 27 8
1 27 8
2 28 7
t 1385 0
m 7 15
0 27 9
1 27 9
2 28 8
t 1384 7
m 8 15
0 27 10
1 27 10
2 27 8
t 1383 7
m 8 15
0 27 11
1 27 11
2 27 9
t 1382 7
m 8 14
0 27 12
1 27 12
2 27 10
t 1381 7
m 8 13
0 26 12
1 26 12
2 27 11
t 1380 7
m 8 12
0 25 12
1 25 12
2 27 12
t 1379 7
m 8 11
0 24 12
1 24 12
2 26 12
t 1378 7
m 8 10
0 23 12
1 23 12
2 25 12
t 1377 7
m 8 9
0 22 12
1 22 12
2 24 12
t 1376 7
m 9 9
0 22 11
1 22 11
2 23 12
t 1375 14
m 8 9
0 22 10
1 22 10
2 22 12
t 1374 14
m 8 8
0 22 9
1 22 9
2 22 11
t 1373 14
m 7 8
0 21 9
1 21 9
2 22 10
t 1372 14
m 6 8
0 20 9
1 20 9
2 22 9
t 1371 14
m 5 8
0 20 8
1 20 8
2 22 10
t 1370 21
m 6 8
0 19 8
1 19 8
2 22 9
t 1369 21
m 5 8
0 18 8
1 18 8
2 21 9
t 1368 21
m 5 8
0 17 8
1 17 8
2 20 9
t 1367 21
m 5 8
0 16 8
1 16 8
2 20 8
t 1366 21
m 6 8
0 15 8
1 15 8
2 19 8
t 1365 21
m 5 8
0 14 8
1 14 8
2 18 8
t 1364 21
m 4 8
0 13 8
1 13 8
2 17 8
t 1363 21
m 4 7
0 12 8
1 12 8
2 16 8
t 1362 21
m 4 6
0 11 8
1 11 8
2 15 8
t 1361 21
m 5 6
0 10 8
1 10 8
2 16 8
t 1360 21
m 4 6
0 9 8
1 9 8
2 15 8
t 1359 21
m 3 6
0 8 8
1 8 8
2 14 8
t 1358 21
m 2 6
0 7 8
1 7 8
2 13 8
t 1357 28
m 2 6
0 6 8
1 6 8
2 12 8
t 1356 28
m 2 6
0 5 8
1 5 8
2 11 8
t 1355 28
m 3 6
0 4 8
1 4 8
2 10 8
t 1354 28
m 2 6
0 4 7
1 4 7
2 9 8
t 1353 28
m 3 6
0 4 6
1 4 6
2 8 8
t 1352 28
m 2 6
0 3 6
1 5 6
2 7 8
t 1351 28
m 3 6
0 2 6
1 4 6
2 6 8
t 1350 28
