35
20
m 0 19
0 34 0
1 34 0
2 34 0
w 0 5
w 0 6
w 0 7
w 0 8
w 1 1
w 1 2
w 1 3
w 1 10
w 1 11
w 1 12
w 1 13
w 1 15
w 1 17
w 1 18
w 2 1
w 2 5
w 2 6
w 2 7
w 2 8
w 2 13
w 2 15
w 2 17
w 2 18
w 3 1
w 3 3
w 3 4
w 3 5
w 3 6
w 3 7
w 3 8
w 3 9
w 3 10
w 3 11
w 3 13
w 3 17
w 3 18
w 4 3
w 4 4
w 4 5
w 4 6
w 4 7
w 4 8
w 4 9
w 4 10
w 4 11
w 4 15
w 5 1
w 5 2
w 5 3
w 5 4
w 5 5
w 5 6
w 5 7
w 5 8
w 5 9
w 5 10
w 5 11
w 5 12
w 5 14
w 5 15
w 5 16
w 5 18
w 6 3
w 6 4
w 6 5
w 6 6
w 6 7
w 6 8
w 6 9
w 6 10
w 6 11
w 6 12
w 6 14
w 6 15
w 6 16
w 6 18
w 7 1
w 7 3
w 7 4
w 7 5
w 7 6
w 7 7
w 7 8
w 7 9
w 7 14
w 7 15
w 7 16
w 8 3
w 8 4
w 8 5
w 8 6
w 8 7
w 8 8
w 8 9
w 8 11
w 8 12
w 8 13
w 8 14
w 8 15
w 8 16
w 8 18
w 9 0
w 9 2
w 9 3
w 9 4
w 9 5
w 9 6
w 9 7
w 9 8
w 9 9
w 9 11
w 9 12
w 9 13
w 9 14
w 9 15
w 9 16
w 10 0
w 10 2
w 10 3
w 10 4
w 10 5
w 10 6
w 10 7
w 10 8
w 10 9
w 10 11
w 10 12
w 10 13
w 10 14
w 10 15
w 10 16
w 10 17
w 10 18
w 11 0
w 11 2
w 11 3
w 11 4
w 11 5
w 11 6
w 11 7
w 11 8
w 11 9
w 11 11
w 11 12
w 11 13
w 11 14
w 11 15
w 11 16
w 11 17
w 11 18
w 12 2
w 12 3
w 12 4
w 12 5
w 12 11
w 12 12
w 12 13
w 12 14
w 12 15
w 12 16
w 12 17
w 12 18
w 13 1
w 13 2
w 13 3
w 13 4
w 13 5
w 13 7
w 13 8
w 13 9
w 14 1
w 14 2
w 14 3
w 14 4
w 14 5
w 14 7
w 14 8
w 14 9
w 14 11
w 14 13
w 14 14
w 14 15
w 14 16
w 14 17
w 14 18
w 15 7
w 15 8
w 15 9
w 15 11
w 16 1
w 16 2
w 16 3
w 16 4
w 16 13
w 16 14
w 16 15
w 16 17
w 16 18
w 16 19
w 17 1
w 17 2
w 17 3
w 17 4
w 17 6
w 17 7
w 17 8
w 17 9
w 17 10
w 17 11
w 17 13
w 17 14
w 17 15
w 17 17
w 17 18
w 17 19
w 18 1
w 18 2
w 18 3
w 18 4
w 18 13
w 18 14
w 18 15
w 18 17
w 18 18
w 18 19
w 19 7
w 19 8
w 19 9
w 19 11
w 20 1
w 20 2
w 20 3
w 20 4
w 20 5
w 20 7
w 20 8
w 20 9
w 20 11
w 20 13
w 20 14
w 20 15
w 20 16
w 20 17
w 20 18
w 21 1
w 21 2
w 21 3
w 21 4
w 21 5
w 21 7
w 21 8
w 21 9
w 22 2
w 22 3
w 22 4
w 22 5
w 22 11
w 22 12
w 22 13
w 22 14
w 22 15
w 22 16
w 22 17
w 22 18
w 23 0
w 23 2
w 23 3
w 23 4
w 23 5
w 23 6
w 23 7
w 23 8
w 23 9
w 23 11
w 23 12
w 23 13
w 23 14
w 23 15
w 23 16
w 23 17
w 23 18
w 24 0
w 24 2
w 24 3
w 24 4
w 24 5
w 24 6
w 24 7
w 24 8
w 24 9
w 24 11
w 24 12
w 24 13
w 24 14
w 24 15
w 24 16
w 24 17
w 24 18
w 25 0
w 25 2
w 25 3
w 25 4
w 25 5
w 25 6
w 25 7
w 25 8
w 25 9
w 25 11
w 25 12
w 25 13
w 25 14
w 25 15
w 25 16
w 26 3
w 26 4
w 26 5
w 26 6
w 26 7
w 26 8
w 26 9
w 26 11
w 26 12
w 26 13
w 26 14
w 26 15
w 26 16
w 26 18
w 27 1
w 27 3
w 27 4
w 27 5
w 27 6
w 27 7
w 27 8
w 27 9
w 27 14
w 27 15
w 27 16
w 28 3
w 28 4
w 28 5
w 28 6
w 28 7
w 28 8
w 28 9
w 28 10
w 28 11
w 28 12
w 28 14
w 28 15
w 28 16
w 28 18
w 29 1
w 29 2
w 29 3
w 29 4
w 29 5
w 29 6
w 29 7
w 29 8
w 29 9
w 29 10
w 29 11
w 29 12
w 29 14
w 29 15
w 29 16
w 29 18
w 30 3
w 30 4
w 30 5
w 30 6
w 30 7
w 30 8
w 30 9
w 30 10
w 30 11
w 30 15
w 31 1
w 31 3
w 31 4
w 31 5
w 31 6
w 31 7
w 31 8
w 31 9
w 31 10
w 31 11
w 31 13
w 31 17
w 31 18
w 32 1
w 32 5
w 32 6
w 32 7
w 32 8
w 32 13
w 32 15
w 32 17
w 32 18
w 33 1
w 33 2
w 33 3
w 33 10
w 33 11
w 33 12
w 33 13
w 33 15
w 33 17
w 33 18
w 34 5
w 34 6
w 34 7
w 34 8
p 0 0
p 21 13
p 17 0
p 34 16
p 1 8
p 19 6
p 24 19
p 30 19
p 6 13
p 15 6
p 27 19
p 9 17
p 3 15
p 13 11
p 33 4
t 1400 0
m 1 19
0 34 1
1 34 1
2 34 1
t 1399 0
m 0 19
0 34 0
1 34 2
2 34 2
t 1398 0
m 0 19
0 34 1
1 34 3
2 34 3
t 1397 0
m 0 18
0 34 0
1 34 2
2 34 4
t 1396 0
m 0 17
0 33 0
1 34 3
2 33 4
t 1395 0
m 0 16
0 34 0
1 34 2
2 33 5
t 1394 0
m 0 16
0 34 1
1 34 1
2 33 6
t 1393 0
m 0 15
0 34 2
1 34 0
2 33 7
f 22 8
t 1392 0
m 0 15
0 34 3
1 34 1
2 33 8
t 1391 0
m 0 15
0 34 4
1 34 2
2 33 7
t 1390 0
m 0 14
0 34 3
1 34 3
2 33 6
t 1389 0
m 0 14
0 34 4
1 34 4
2 33 7
t 1388 0
m 0 15
0 34 3
1 33 4
2 33 8
t 1387 0
m 0 15
0 34 2
1 32 4
2 33 7
t 1386 0
m 0 16
0 34 3
1 32 3
2 33 8
t 1385 0
m 1 16
0 34 4
1 32 2
2 33 9
t 1384 0
m 1 16
0 34 3
1 32 3
2 33 8
t 1383 0
m 2 16
0 34 4
1 32 2
2 33 7
t 1382 0
m 3 16
0 34 3
1 32 3
2 33 6
t 1381 0
m 3 15
0 34 2
1 32 4
2 33 5
t 1380 6
m 3 14
0 34 1
1 32 3
2 33 6
t 1379 6
m 3 15
0 34 0
1 32 4
2 33 7
t 1378 6
m 3 16
0 33 0
1 32 3
2 33 6
t 1377 6
m 3 15
0 32 0
1 32 2
2 33 7
t 1376 6
m 3 16
0 33 0
1 31 2
2 33 8
t 1375 6
m 4 16
0 32 0
1 32 2
2 33 9
t 1374 6
m 4 16
0 33 0
1 32 3
2 32 9
t 1373 6
m 3 16
0 34 0
1 32 4
2 32 10
t 1372 6
m 3 16
0 34 1
1 33 4
2 32 9
t 1371 6
m 3 15
0 34 2
1 33 5
2 33 9
t 1370 6
m 3 14
0 34 1
1 33 6
2 32 9
t 1369 6
m 3 15
0 34 2
1 33 5
2 33 9
t 1368 6
m 3 15
0 34 3
1 33 6
2 34 9
t 1367 6
m 3 15
0 34 4
1 33 7
2 33 9
t 1366 6
m 3 16
0 33 4
1 33 8
2 33 8
t 1365 6
m 3 16
0 33 5
1 33 7
2 33 7
t 1364 6
m 3 15
0 33 4
1 33 6
2 33 8
t 1363 6
m 3 14
0 34 4
1 33 5
2 33 7
t 1362 6
m 4 14
0 33 4
1 33 6
2 33 8
t 1361 6
m 4 13
0 32 4
1 33 7
2 33 7
t 1360 6
m 4 12
0 32 3
1 33 6
2 33 8
t 1359 6
m 3 12
0 32 4
1 33 5
2 33 9
t 1358 6
m 2 12
0 33 4
1 33 4
2 33 8
t 1357 6
m 3 12
0 32 4
1 32 4
2 33 7
t 1356 6
m 2 12
0 33 4
1 32 3
2 33 8
t 1355 6
m 3 12
0 34 4
1 32 2
2 33 9
t 1354 6
m 3 12
0 34 3
1 32 3
2 34 9
t 1353 6
m 4 12
0 34 2
1 32 4
2 34 10
t 1352 6
m 4 13
0 34 1
1 33 4
2 34 9
t 1351 6
m 5 13
0 34 0
1 34 4
2 33 9
t 1350 6
m 6 13
0 34 1
1 34 3
2 33 8
t 1349 13
m 5 13
0 34 2
1 34 2
2 33 9
t 1348 13
m 6 13
0 34 3
1 34 1
2 34 9
t 1347 13
m 6 13
0 34 4
1 34 2
2 33 9
t 1346 13
m 6 13
0 34 3
1 34 3
2 33 8
t 1345 13
m 7 13
0 34 4
1 34 2
2 33 9
t 1344 13
m 7 13
0 33 4
1 34 1
2 32 9
t 1343 13
m 7 13
0 32 4
1 34 0
2 32 10
t 1342 13
m 6 13
0 33 4
1 34 1
2 32 9
t 1341 13
m 7 13
0 32 4
1 34 0
2 33 9
t 1340 13
m 7 13
0 33 4
1 34 1
2 34 9
t 1339 13
m 7 12
0 34 4
1 34 0
2 34 10
t 1338 13
m 7 11
0 34 3
1 33 0
2 34 9
t 1337 13
m 7 11
0 34 4
1 32 0
2 33 9
t 1336 13
m 7 10
0 34 3
1 33 0
2 32 9
t 1335 13
m 7 10
0 34 2
1 34 0
2 32 10
t 1334 13
m 7 10
0 34 3
1 34 1
2 32 9
t 1333 13
m 8 10
0 34 4
1 34 0
2 32 10
t 1332 13
m 7 10
0 33 4
1 34 1
2 32 11
t 1331 13
m 7 11
0 34 4
1 34 2
2 32 12
t 1330 13
m 7 12
0 33 4
1 34 1
2 32 11
t 1329 13
m 7 12
0 34 4
1 34 2
2 32 12
t 1328 13
m 7 11
0 33 4
1 34 1
2 32 11
t 1327 13
m 7 11
0 34 4
1 34 2
2 32 10
t 1326 13
m 7 12
0 34 3
1 34 3
2 32 11
t 1325 13
m 7 13
0 34 2
1 34 2
2 32 10
t 1324 13
m 7 12
0 34 1
1 34 3
2 32 9
t 1323 13
m 7 13
0 34 2
1 34 2
2 32 10
t 1322 13
m 7 13
0 34 1
1 34 1
2 32 9
t 1321 13
m 7 13
0 34 2
1 34 0
2 33 9
t 1320 13
m 7 13
0 34 3
1 34 1
2 32 9
t 1319 13
m 7 13
0 34 4
1 34 2
2 32 10
t 1318 13
m 7 12
0 33 4
1 34 1
2 32 9
t 1317 13
m 7 11
0 34 4
1 34 0
2 33 9
t 1316 13
m 7 10
0 34 3
1 34 1
2 33 8
t 1315 13
m 7 11
0 34 2
1 34 0
2 33 7
t 1314 13
m 7 11
0 34 1
1 34 1
2 33 6
t 1313 13
m 7 11
0 34 2
1 34 2
2 33 5
t 1312 13
m 7 12
0 34 1
1 34 3
2 33 6
t 1311 13
m 7 11
0 34 0
1 34 2
2 33 7
t 1310 13
m 7 12
0 33 0
1 34 3
2 33 8
t 1309 13
m 7 12
0 32 0
1 34 2
2 33 7
t 1308 13
m 7 13
0 31 0
1 34 1
2 33 6
t 1307 13
m 7 13
0 30 0
1 34 0
2 33 7
t 1306 13
m 7 13
0 31 0
1 34 1
2 33 8
t 1305 13
m 7 12
0 32 0
1 34 2
2 33 9
t 1304 13
m 7 12
0 31 0
1 34 3
2 32 9
t 1303 13
m 7 11
0 32 0
1 34 2
2 32 10
t 1302 13
m 7 11
0 31 0
1 34 1
2 32 9
t 1301 13
m 7 10
0 30 0
1 34 2
2 33 9
t 1300 13
m 7 11
0 31 0
1 34 1
2 32 9
t 1299 13
m 7 12
0 30 0
1 34 2
2 32 10
t 1298 13
m 7 12
0 29 0
1 34 3
2 32 11
t 1297 13
m 7 13
0 28 0
1 34 2
2 32 12
t 1296 13
m 7 12
0 28 1
1 34 1
2 31 12
t 1295 13
m 7 13
0 28 0
1 34 0
2 30 12
t 1294 13
m 7 12
0 28 1
1 34 1
2 31 12
t 1293 13
m 7 12
0 28 2
1 34 2
2 32 12
t 1292 13
m 7 11
0 27 2
1 34 3
2 31 12
t 1291 13
m 7 10
0 28 2
1 34 4
2 30 12
t 1290 13
m 7 11
0 27 2
1 33 4
2 31 12
t 1289 13
m 7 12
0 28 2
1 32 4
2 32 12
t 1288 13
m 7 13
0 28 1
1 32 3
2 32 11
t 1287 13
m 6 13
0 28 0
1 32 2
2 32 12
t 1286 13
m 7 13
0 28 1
1 32 3
2 32 11
t 1285 13
m 7 12
0 28 2
1 32 2
2 32 10
t 1284 13
m 7 11
0 27 2
1 32 3
2 32 9
t 1283 13
m 7 11
0 28 2
1 32 4
2 33 9
t 1282 13
m 7 12
0 28 1
1 32 3
2 32 9
t 1281 13
m 7 12
0 28 2
1 32 4
2 33 9
t 1280 13
m 7 11
0 27 2
1 33 4
2 34 9
t 1279 13
m 7 10
0 26 2
1 33 5
2 33 9
t 1278 13
m 7 10
0 26 1
1 33 4
2 33 8
t 1277 13
m 7 10
0 26 2
1 33 5
2 33 7
t 1276 13
m 8 10
0 26 1
1 33 4
2 33 6
t 1275 13
m 8 10
0 26 0
1 32 4
2 33 7
t 1274 13
m 8 10
0 26 1
1 33 4
2 33 8
t 1273 13
m 9 10
0 26 0
1 32 4
2 33 7
t 1272 13
m 10 10
0 27 0
1 32 3
2 33 6
t 1271 13
m 10 10
0 26 0
1 32 4
2 33 5
t 1270 13
m 9 10
0 27 0
1 33 4
2 33 6
t 1269 13
m 9 10
0 28 0
1 33 5
2 33 7
t 1268 13
m 9 10
0 27 0
1 33 4
2 33 6
t 1267 13
m 8 10
0 28 0
1 32 4
2 33 7
t 1266 13
m 9 10
0 28 1
1 33 4
2 33 6
t 1265 13
m 8 10
0 28 2
1 34 4
2 33 7
t 1264 13
m 7 10
0 27 2
1 33 4
2 33 8
t 1263 13
m 8 10
0 26 2
1 34 4
2 33 9
t 1262 13
m 7 10
0 27 2
1 33 4
2 34 9
t 1261 13
m 7 11
0 26 2
1 33 5
2 33 9
t 1260 13
m 7 12
0 27 2
1 33 4
2 33 8
t 1259 13
m 7 11
0 28 2
1 33 5
2 33 9
t 1258 13
m 7 11
0 27 2
1 33 6
2 32 9
t 1257 13
m 7 12
0 28 2
1 33 5
2 32 10
t 1256 13
m 7 13
0 27 2
1 33 6
2 32 11
t 1255 13
m 7 12
0 26 2
1 33 5
2 32 10
t 1254 13
m 7 11
0 26 1
1 33 6
2 32 11
t 1253 13
m 7 10
0 26 2
1 33 5
2 32 12
t 1252 13
m 7 11
0 27 2
1 33 4
2 31 12
t 1251 13
m 7 10
0 28 2
1 34 4
2 30 12
t 1250 13
m 8 10
0 28 1
1 33 4
2 31 12
t 1249 13
m 9 10
0 28 0
1 32 4
2 32 12
t 1248 13
m 10 10
0 28 1
1 33 4
2 31 12
t 1247 13
m 11 10
0 28 2
1 33 5
2 30 12
t 1246 13
m 11 10
0 28 1
1 33 4
2 30 13
t 1245 13
m 12 10
0 28 0
1 33 5
2 30 14
t 1244 13
m 13 10
0 29 0
1 33 6
2 30 13
t 1243 13
m 13 11
0 28 0
1 33 7
2 30 14
t 1242 20
m 13 12
0 28 1
1 33 6
2 31 14
t 1241 20
m 13 12
0 28 2
1 33 7
2 31 15
t 1240 20
m 14 12
0 28 1
1 33 8
2 31 16
t 1239 20
m 15 12
0 28 2
1 33 7
2 31 15
t 1238 20
m 15 12
0 28 1
1 33 6
2 31 14
t 1237 20
m 15 13
0 28 0
1 33 5
2 31 15
t 1236 20
m 15 12
0 27 0
1 33 6
2 31 16
t 1235 20
m 15 12
0 26 0
1 33 5
2 32 16
t 1234 20
m 15 13
0 27 0
1 33 6
2 33 16
t 1233 20
m 15 13
0 28 0
1 33 7
2 34 16
t 1232 20
m 15 12
0 28 1
1 33 8
2 34 17
t 1231 20
m 15 12
0 28 0
1 33 7
2 34 18
t 1230 20
m 15 13
0 27 0
1 33 8
2 34 19
t 1229 20
m 15 13
0 28 0
1 33 7
2 34 18
t 1228 20
m 15 12
0 27 0
1 33 6
2 34 17
t 1227 20
m 15 12
0 28 0
1 33 5
2 34 18
t 1226 20
m 14 12
0 29 0
1 33 4
2 34 17
t 1225 20
m 14 12
0 30 0
1 33 5
2 34 18
t 1224 20
m 14 12
0 29 0
1 33 6
2 34 19
t 1223 20
m 14 12
0 30 0
1 33 7
2 34 18
t 1222 20
m 14 12
0 31 0
1 33 6
2 34 17
t 1221 20
m 14 12
0 32 0
1 33 7
2 34 16
t 1220 20
m 15 12
0 33 0
1 33 8
2 33 16
t 1219 20
m 14 12
0 34 0
1 33 9
2 34 16
t 1218 20
m 13 12
0 34 1
1 34 9
2 34 15
t 1217 20
m 13 13
0 34 2
1 33 9
2 34 16
t 1216 20
m 13 12
0 34 1
1 34 9
2 33 16
t 1215 20
m 13 12
0 34 0
1 33 9
2 34 16
t 1214 20
m 14 12
0 34 1
1 32 9
2 33 16
t 1213 20
m 14 12
0 34 2
1 33 9
2 32 16
t 1212 20
m 15 12
0 34 1
1 32 9
2 31 16
t 1211 20
m 15 13
0 34 0
1 32 10
2 32 16
t 1210 20
m 15 14
0 34 1
1 32 11
2 31 16
t 1209 20
m 15 14
0 34 2
1 32 10
2 32 16
t 1208 20
m 15 13
0 34 1
1 32 11
2 33 16
t 1207 20
m 15 13
0 34 2
1 32 10
2 32 16
t 1206 20
m 15 14
0 34 3
1 32 9
2 33 16
t 1205 20
m 15 14
0 34 2
1 32 10
2 32 16
t 1204 20
m 15 13
0 34 3
1 32 9
2 31 16
t 1203 20
m 15 14
0 34 4
1 32 10
2 32 16
t 1202 20
m 15 13
0 33 4
1 32 11
2 33 16
t 1201 20
m 15 12
0 33 5
1 32 10
2 32 16
t 1200 20
m 14 12
0 33 4
1 32 9
2 31 16
t 1199 20
m 13 12
0 34 4
1 32 10
2 30 16
t 1198 20
m 13 11
0 33 4
1 32 9
2 30 17
t 1197 20
m 13 10
0 33 5
1 33 9
2 30 16
t 1196 20
m 13 10
0 33 6
1 33 8
2 31 16
t 1195 20
m 14 10
0 33 7
1 33 7
2 32 16
t 1194 20
m 13 10
0 33 6
1 33 8
2 33 16
t 1193 20
m 14 10
0 33 7
1 33 7
2 32 16
t 1192 20
m 13 10
0 33 8
1 33 6
2 33 16
t 1191 20
m 13 10
0 33 9
1 33 5
2 32 16
t 1190 20
m 13 10
0 34 9
1 33 4
2 33 16
t 1189 20
m 14 10
0 33 9
1 34 4
2 34 16
t 1188 20
m 15 10
0 32 9
1 33 4
2 34 15
t 1187 20
m 16 10
0 32 10
1 33 5
2 34 14
t 1186 20
m 15 10
0 32 11
1 33 6
2 33 14
t 1185 20
m 15 10
0 32 12
1 33 5
2 34 14
t 1184 20
m 16 10
0 31 12
1 33 4
2 34 15
t 1183 20
m 16 10
0 30 12
1 33 5
2 34 16
t 1182 20
m 16 9
0 30 13
1 33 6
2 34 15
t 1181 20
m 16 8
0 29 13
1 33 5
2 34 16
t 1180 20
m 16 8
0 30 13
1 33 4
2 33 16
t 1179 20
m 16 8
0 30 14
1 33 5
2 32 16
t 1178 20
m 16 8
0 30 13
1 33 4
2 31 16
t 1177 20
m 16 8
0 30 14
1 33 5
2 31 15
t 1176 20
m 16 7
0 31 14
1 33 6
2 31 16
t 1175 20
m 16 6
0 30 14
1 33 7
2 32 16
t 1174 20
m 15 6
0 30 13
1 33 8
2 33 16
t 1173 26
m 16 6
0 29 13
1 33 9
2 34 16
t 1172 26
m 16 5
0 28 13
1 33 8
2 33 16
t 1171 26
m 16 5
0 29 13
1 33 9
2 34 16
t 1170 26
m 16 6
0 30 13
1 33 8
2 34 15
t 1169 26
m 16 6
0 29 13
1 33 7
2 34 16
t 1168 26
m 16 7
0 28 13
1 33 6
2 33 16
t 1167 26
m 16 8
0 27 13
1 33 7
2 32 16
t 1166 26
m 16 7
0 27 12
1 33 6
2 31 16
t 1165 26
m 16 7
0 27 13
1 33 5
2 32 16
t 1164 26
m 16 6
0 27 12
1 33 6
2 33 16
t 1163 26
m 16 5
0 27 13
1 33 5
2 32 16
t 1162 26
m 16 5
0 28 13
1 33 4
2 33 16
t 1161 26
m 16 6
0 27 13
1 33 5
2 32 16
t 1160 26
m 16 7
0 28 13
1 33 4
2 33 16
t 1159 26
m 16 6
0 27 13
1 32 4
2 34 16
t 1158 26
m 16 6
0 28 13
1 33 4
2 34 15
t 1157 26
m 16 6
0 27 13
1 33 5
2 34 14
t 1156 26
m 16 7
0 27 12
1 33 4
2 34 13
t 1155 26
m 16 8
0 27 11
1 34 4
2 34 14
t 1154 26
m 16 7
0 27 10
1 33 4
2 34 13
t 1153 26
m 16 7
0 26 10
1 34 4
2 34 14
t 1152 26
m 16 6
0 27 10
1 33 4
2 33 14
t 1151 26
m 16 6
0 26 10
1 32 4
2 34 14
t 1150 26
m 16 7
0 27 10
1 33 4
2 34 15
t 1149 26
m 16 7
0 27 11
1 34 4
2 34 16
t 1148 26
m 16 8
0 27 10
1 34 3
2 33 16
t 1147 26
m 16 7
0 26 10
1 34 4
2 34 16
t 1146 26
m 16 6
0 27 10
1 33 4
2 34 15
t 1145 26
m 16 7
0 27 11
1 33 5
2 34 16
t 1144 26
m 16 8
0 27 10
1 33 4
2 34 15
t 1143 26
m 16 9
0 26 10
1 32 4
2 34 16
t 1142 26
m 16 9
0 27 10
1 32 3
2 34 17
t 1141 26
m 16 8
0 26 10
1 32 4
2 34 18
t 1140 26
m 16 8
0 25 10
1 32 3
2 34 17
t 1139 26
m 16 7
0 24 10
1 32 4
2 34 18
t 1138 26
m 16 6
0 25 10
1 32 3
2 34 17
t 1137 26
m 16 6
0 26 10
1 32 4
2 34 16
t 1136 26
m 16 7
0 27 10
1 32 3
2 34 15
t 1135 26
m 16 8
0 26 10
1 32 4
2 34 16
t 1134 26
m 16 8
0 25 10
1 32 3
2 33 16
t 1133 26
m 16 8
0 26 10
1 32 4
2 34 16
t 1132 26
m 16 8
0 25 10
1 32 3
2 34 15
t 1131 26
m 16 7
0 24 10
1 32 2
2 34 14
t 1130 26
m 16 8
0 23 10
1 32 3
2 34 15
t 1129 26
m 16 7
0 22 10
1 32 2
2 34 14
t 1128 26
m 16 6
0 23 10
1 31 2
2 34 15
t 1127 26
m 16 6
0 24 10
1 30 2
2 34 16
t 1126 26
m 16 5
0 23 10
1 31 2
2 34 15
t 1125 26
m 17 5
0 24 10
1 32 2
2 34 16
t 1124 26
m 17 5
0 25 10
1 31 2
2 34 17
t 1123 26
m 17 5
0 24 10
1 30 2
2 34 18
t 1122 26
m 17 5
0 25 10
1 31 2
2 34 19
t 1121 26
m 18 5
0 26 10
1 32 2
2 33 19
t 1120 26
m 19 5
0 25 10
1 31 2
2 32 19
t 1119 26
m 19 6
0 24 10
1 30 2
2 31 19
t 1118 33
m 19 5
0 23 10
1 31 2
2 30 19
t 1117 33
m 19 4
0 24 10
1 32 2
2 30 18
t 1116 33
m 19 5
0 23 10
1 32 3
2 30 17
t 1115 33
m 19 6
0 24 10
1 32 2
2 30 18
t 1114 33
m 19 5
0 23 10
1 32 3
2 30 19
t 1113 33
m 19 5
0 22 10
1 32 4
2 31 19
t 1112 33
m 19 5
0 22 9
1 33 4
2 32 19
t 1111 33
m 19 6
0 22 10
1 32 4
2 31 19
t 1110 33
m 19 5
0 21 10
1 32 3
2 30 19
t 1109 33
m 19 4
0 20 10
1 32 2
2 30 18
t 1108 33
m 19 4
0 21 10
1 31 2
2 30 19
t 1107 33
m 19 3
0 21 11
1 30 2
2 30 18
t 1106 33
m 19 2
0 21 12
1 30 1
2 30 19
t 1105 33
m 19 2
0 21 11
1 30 0
2 29 19
t 1104 33
m 19 1
0 21 12
1 30 1
2 28 19
t 1103 33
m 19 1
0 20 12
1 30 0
2 27 19
t 1102 33
m 19 1
0 19 12
1 29 0
2 28 19
t 1101 33
m 19 1
0 20 12
1 28 0
2 29 19
t 1100 33
m 19 0
0 19 12
1 29 0
2 30 19
t 1099 33
m 18 0
0 20 12
1 30 0
2 30 18
t 1098 33
m 17 0
0 19 12
1 29 0
2 30 17
t 1097 40
m 16 0
0 20 12
1 28 0
2 30 16
t 1096 40
m 17 0
0 21 12
1 27 0
2 31 16
t 1095 40
m 18 0
0 20 12
1 28 0
2 31 15
t 1094 40
m 18 0
0 21 12
1 28 1
2 31 16
t 1093 40
m 17 0
0 21 13
1 28 2
2 30 16
t 1092 40
m 18 0
0 21 14
1 27 2
2 31 16
t 1091 40
m 19 0
0 21 15
1 26 2
2 31 15
t 1090 40
m 19 1
0 21 14
1 26 1
2 31 16
t 1089 40
m 19 0
0 21 13
1 26 0
2 31 15
t 1088 40
m 20 0
0 21 12
1 26 1
2 31 16
t 1087 40
m 20 0
0 21 11
1 25 1
2 32 16
t 1086 40
m 19 0
0 21 10
1 26 1
2 31 16
t 1085 40
m 19 1
0 22 10
1 25 1
2 30 16
t 1084 40
m 19 1
0 21 10
1 24 1
2 30 17
t 1083 40
m 19 2
0 22 10
1 25 1
2 30 16
t 1082 40
m 19 2
0 21 10
1 24 1
2 30 17
t 1081 40
m 19 2
0 21 11
1 25 1
2 30 16
t 1080 40
m 19 1
0 21 12
1 26 1
2 30 17
t 1079 40
m 19 0
0 21 13
1 26 0
2 30 16
t 1078 40
m 19 1
0 21 14
1 27 0
2 31 16
t 1077 40
m 19 2
0 21 13
1 28 0
2 31 15
t 1076 40
m 19 3
0 21 12
1 27 0
2 31 14
t 1075 40
m 19 4
0 20 12
1 26 0
2 32 14
t 1074 40
m 19 5
0 21 12
1 26 1
2 33 14
t 1073 40
m 19 6
0 21 13
1 26 0
2 32 14
t 1072 40
m 19 6
0 21 14
1 26 1
2 31 14
t 1071 40
m 20 6
0 21 15
1 26 2
2 30 14
t 1070 40
m 21 6
0 21 14
1 27 2
2 31 14
t 1069 40
m 21 6
0 21 15
1 26 2
2 30 14
t 1068 40
m 21 6
0 21 16
1 27 2
2 30 13
t 1067 40
m 20 6
0 21 17
1 26 2
2 30 12
t 1066 40
m 21 6
0 21 16
1 27 2
2 30 13
t 1065 40
m 22 6
0 21 17
1 26 2
2 29 13
t 1064 40
m 22 7
0 21 16
1 27 2
2 30 13
t 1063 40
m 22 8
0 21 15
1 26 2
2 30 12
t 1062 50
m 22 8
0 21 16
1 27 2
2 30 13
t 1061 50
m 22 9
0 21 17
1 26 2
2 29 13
t 1060 50
m 22 9
0 21 16
1 26 1
2 28 13
t 1059 50
m 22 10
0 21 17
1 26 0
2 29 13
t 1058 50
m 21 10
0 21 16
1 26 1
2 30 13
f 11 10
t 1057 50
m 22 10
0 21 17
1 25 1
2 30 12
t 1056 50
m 23 10
0 21 16
1 26 1
2 31 12
t 1055 50
m 22 10
0 21 15
1 26 2
2 32 12
t 1054 50
m 21 10
0 21 16
1 27 2
2 32 11
t 1053 50
m 21 11
0 21 17
1 28 2
2 32 12
t 1052 50
m 21 12
0 21 16
1 27 2
2 32 11
t 1051 50
m 21 13
0 21 17
1 26 2
2 32 10
t 1050 56
m 21 12
0 21 16
1 26 1
2 32 11
t 1049 56
m 21 13
0 21 17
1 26 0
2 32 12
t 1048 56
m 21 13
0 21 16
1 26 1
2 32 11
t 1047 56
m 21 12
0 21 15
1 25 1
2 32 12
t 1046 56
m 20 12
0 21 14
1 26 1
2 32 11
t 1045 56
m 20 12
0 21 13
1 25 1
2 32 12
t 1044 56
m 20 12
0 21 12
1 24 1
2 31 12
t 1043 56
m 20 12
0 21 11
1 25 1
2 30 12
t 1042 56
m 20 12
0 21 12
1 26 1
2 31 12
t 1041 56
m 21 12
0 21 13
1 26 0
2 32 12
t 1040 56
m 21 11
0 21 12
1 27 0
2 31 12
t 1039 56
m 21 11
0 21 11
1 26 0
2 32 12
t 1038 56
